OCI MB SCB Single big gpu
[[ 0.53867513 -0.28867513  0.5         0.          0.          0.          0.          0.          0.          0.          0.          0.          0.          0.          0.          0.        ]
 [ 0.28867513  0.53867513  0.          0.5         0.          0.          0.          0.          0.          0.          0.          0.          0.          0.          0.          0.        ]
 [-1.          0.          1.53867513 -0.28867513  0.          0.          0.          0.          0.          0.          0.          0.          0.          0.          0.          0.        ]
 [ 0.         -1.          0.28867513  1.53867513  0.          0.          0.          0.          0.          0.          0.          0.          0.          0.          0.          0.        ]
 [ 0.          0.          0.          0.          0.53867513  0.28867513  0.5         0.          0.          0.          0.          0.          0.          0.          0.          0.        ]
 [ 0.          0.          0.          0.         -0.28867513  0.53867513  0.          0.5         0.          0.          0.          0.          0.          0.          0.          0.        ]
 [ 0.          0.          0.          0.         -1.          0.          1.53867513  0.28867513  0.          0.          0.          0.          0.          0.          0.          0.        ]
 [ 0.          0.          0.          0.          0.         -1.         -0.28867513  1.53867513  0.          0.          0.          0.          0.          0.          0.          0.        ]
 [ 0.          0.          0.          0.          0.          0.          0.          0.          0.53867513 -0.28867513  0.5         0.          0.          0.          0.          0.        ]
 [ 0.          0.          0.          0.          0.          0.          0.          0.          0.28867513  0.53867513  0.          0.5         0.          0.          0.          0.        ]
 [ 0.          0.          0.          0.          0.          0.          0.          0.         -1.          0.          1.53867513 -0.28867513  0.          0.          0.          0.        ]
 [ 0.          0.          0.          0.          0.          0.          0.          0.          0.         -1.          0.28867513  1.53867513  0.          0.          0.          0.        ]
 [ 0.          0.          0.          0.          0.          0.          0.          0.          0.          0.          0.          0.          0.53867513  0.28867513  0.5         0.        ]
 [ 0.          0.          0.          0.          0.          0.          0.          0.          0.          0.          0.          0.         -0.28867513  0.53867513  0.          0.5       ]
 [ 0.          0.          0.          0.          0.          0.          0.          0.          0.          0.          0.          0.         -1.          0.          1.53867513  0.28867513]
 [ 0.          0.          0.          0.          0.          0.          0.          0.          0.          0.          0.          0.          0.         -1.         -0.28867513  1.53867513]]

[[0.25]
 [0.25]
 [0.25]
 [0.25]
 [0.25]
 [0.25]
 [0.25]
 [0.25]
 [0.25]
 [0.25]
 [0.25]
 [0.25]
 [0.25]
 [0.25]
 [0.25]
 [0.25]]clear

[[0.25      ]
 [0.38068132]
 [0.25      ]
 [0.45036789]
 [0.25      ]
 [0.25      ]
 [0.25      ]
 [0.25      ]
 [0.25      ]
 [0.25      ]
 [0.25      ]
 [0.25      ]
 [0.38068132]
 [0.25      ]
 [0.45036789]
 [0.25      ]]

[[0.25      ]
 [0.38068132]
 [0.25      ]
 [0.45036789]
 [0.25      ]
 [0.25      ]
 [0.25      ]
 [0.25      ]
 [0.25      ]
 [0.25      ]
 [0.25      ]
 [0.25      ]
 [0.38068132]
 [0.25      ]
 [0.45036789]
 [0.25      ]]

[[0.25      ]
 [0.38068132]
 [0.25      ]
 [0.45036789]
 [0.25      ]
 [0.25      ]
 [0.25      ]
 [0.25      ]
 [0.25      ]
 [0.25      ]
 [0.25      ]
 [0.25      ]
 [0.38068132]
 [0.25      ]
 [0.45036789]
 [0.25      ]]

Time step: 0
     -ρ:          0.6324555320336759    
     -wall time:  1.5906993720000173 [s]
     -loops:      4

1.5909227499996632
